MD_MAX72XX::fontType_t newFont[] PROGMEM = 
{
	8, 0, 0, 0, 0, 0, 0, 0, 0, 	// 0  https://pjrp.github.io/MDParolaFontEditor
	8, 0, 0, 0, 0, 0, 0, 0, 0, 	// 1  
	0, 	// 2  
	0, 	// 3  
	0, 	// 4  
	0, 	// 5  
	0, 	// 6  
	0, 	// 7  
	0, 	// 8  
	0, 	// 9  
	0, 	// 10  
	0, 	// 11  
	0, 	// 12  
	0, 	// 13  
	0, 	// 14  
	0, 	// 15  
	0, 	// 16  
	0, 	// 17  
	0, 	// 18  
	0, 	// 19  
	0, 	// 20  
	0, 	// 21  
	0, 	// 22  
	0, 	// 23  
	0, 	// 24  
	0, 	// 25  
	0, 	// 26  
	0, 	// 27  
	0, 	// 28  
	0, 	// 29  
	0, 	// 30  
	0, 	// 31  
	0, 	// 32  
	1, 23, 					// 33  !
	3, 3, 0, 3, 				// 34  "
	5, 10, 31, 10, 31, 10, 	// 35  #
	3, 20, 51, 10, 			// 36  $
	3, 25, 4, 19, 			// 37  %
	5, 26, 37, 42, 16, 40, 	// 38  &
	1, 3, 					// 39  '
	2, 14, 17, 				// 40  (
	2, 17, 14, 				// 41  )
	3, 21, 14, 21, 			// 42  *
	3, 4, 14, 4, 				// 43  +
	1, 48, 					// 44  '
	3, 4, 4, 4, 				// 45  -
	1, 16, 					// 46  .
	3, 24, 4, 3, 				// 47  /
	3, 31, 17, 31, 			// 48  0
	1, 31, 					// 49  1
	3, 25, 21, 18, 			// 50  2
	3, 21, 21, 10, 			// 51  3
	3, 3, 4, 31,			 	// 52  4
	3, 23, 21, 9, 			// 53  5
	3, 14, 21, 25, 			// 54  6
	3, 25, 5, 3, 				// 55  7
	3, 27, 21, 27, 			// 56  8
	8, 7, 5, 31, 0, 0, 0, 0, 0, 	// 57  9
	1, 10, 					// 58  :
	1, 26, 					// 59  ;
	2, 4, 10, 				// 60  <
	3, 10, 10, 10, 			// 61  =
	2, 10, 4, 				// 62  >
	3, 2, 41, 6, 				// 63  ?
	4, 14, 17, 21, 18, 		// 64  @
	3, 30, 5, 30, 			// 65  A
	3, 31, 21, 10, 			// 66  B
	3, 14, 17, 17, 			// 67  C
	3, 31, 17, 14,		 	// 68  D
	3, 31, 21, 17, 			// 69  E
	3, 31, 5, 1, 				// 70  F
	3, 14, 17, 25, 			// 71  G
	3, 31, 4, 31, 			// 72  H
	1, 31, 					// 73  I
	3, 24, 16, 31, 			// 74  J
	3, 31, 4, 27, 			// 75  K
	3, 31, 16, 16, 			// 76  L
	5, 31, 2, 4, 2, 31, 		// 77  M
	4, 31, 2, 4, 31,		 	// 78  N
	3, 14, 17, 14, 			// 79  O
	3, 31, 5, 2, 				// 80  P
	4, 14, 17, 17, 46, 		// 81  Q
	3, 31, 5, 26, 			// 82  R
	3, 18, 21, 9, 			// 83  S
	3, 1, 31, 1, 				// 84  T
	3, 31, 16, 31, 			// 85  U
	3, 15, 16, 15, 			// 86  V
	5, 31, 8, 4, 8, 31, 		// 87  W
	3, 27, 4, 27, 			// 88  X
	3, 3, 28, 3,			 	// 89  Y
	3, 25, 21, 19, 			// 90  Z
	2, 31, 17, 				// 91  [
	8, 0, 0, 0, 0, 0, 0, 0, 0, 	// 92  
	2, 17, 31, 				// 93  ]
	3, 2, 1, 2, 				// 94  ^
	3, 16, 16, 16, 			// 95  _
	2, 3, 4,				 	// 96  `
	3, 8, 21, 30, 			// 97  a
	3, 31, 20, 8, 			// 98  b
	2, 12, 18, 				// 99  c
	3, 8, 20, 31, 			// 100  d
	3, 12, 22, 22, 			// 101  e
	2, 30, 5, 				// 102  f
	3, 6, 41, 31, 			// 103  g
	3, 31, 4, 24, 			// 104  h
	1, 29, 					// 105  i
	3, 16, 32, 29,		 	// 106  j
	3, 31, 8, 20, 			// 107  k
	1, 31, 					// 108  l
	5, 30, 2, 12, 2, 28,	 	// 109  m
	3, 30, 2, 28, 			// 110  n
	3, 12, 18, 12, 			// 111  o
	3, 62, 10, 4, 			// 112  p
	3, 4, 10, 62,		 	// 113  q
	3, 30, 4, 2, 				// 114  r
	3, 20, 18, 10, 			// 115  s
	3, 4, 30, 4,			 	// 116  t
	3, 28, 16, 28, 			// 117  u
	3, 12, 16, 12, 			// 118  v
	5, 12, 16, 8, 16, 12, 	// 119  w
	3, 20, 8, 20, 			// 120  x
	3, 4, 24, 4, 				// 121  y
	3, 26, 18, 22, 			// 122  z
	3, 4, 27, 17, 			// 123  {
	1, 27, 					// 124  |
	3, 17, 27, 4, 			// 125  }
	0, 	// 126  
	0, 	// 127  
	0, 	// 128  
	0, 	// 129  
	0, 	// 130  
	0, 	// 131  
	0, 	// 132  
	0, 	// 133  
	0, 	// 134  
	0, 	// 135  
	0, 	// 136  
	0, 	// 137  
	0, 	// 138  
	0, 	// 139  
	0, 	// 140  
	0, 	// 141  
	0, 	// 142  
	0, 	// 143  
	0, 	// 144  
	0, 	// 145  
	0, 	// 146  
	0, 	// 147  
	0, 	// 148  
	0, 	// 149  
	0, 	// 150  
	0, 	// 151  
	0, 	// 152  
	0, 	// 153  
	0, 	// 154  
	0, 	// 155  
	0, 	// 156  
	0, 	// 157  
	0, 	// 158  
	0, 	// 159  
	0, 	// 160  
	0, 	// 161  
	0, 	// 162  
	0, 	// 163  
	0, 	// 164  
	0, 	// 165  
	0, 	// 166  
	0, 	// 167  
	0, 	// 168  
	0, 	// 169  
	0, 	// 170  
	0, 	// 171  
	0, 	// 172  
	0, 	// 173  
	0, 	// 174  
	0, 	// 175  
	0, 	// 176  
	0, 	// 177  
	0, 	// 178  
	0, 	// 179  
	0, 	// 180  
	0, 	// 181  
	0, 	// 182  
	0, 	// 183  
	0, 	// 184  
	0, 	// 185  
	0, 	// 186  
	0, 	// 187  
	0, 	// 188  
	0, 	// 189  
	0, 	// 190  
	0, 	// 191  
	0, 	// 192  
	0, 	// 193  
	0, 	// 194  
	0, 	// 195  
	0, 	// 196  
	0, 	// 197  
	0, 	// 198  
	0, 	// 199  
	0, 	// 200  
	0, 	// 201  
	0, 	// 202  
	0, 	// 203  
	0, 	// 204  
	0, 	// 205  
	0, 	// 206  
	0, 	// 207  
	0, 	// 208  
	0, 	// 209  
	0, 	// 210  
	0, 	// 211  
	0, 	// 212  
	0, 	// 213  
	0, 	// 214  
	0, 	// 215  
	0, 	// 216  
	0, 	// 217  
	0, 	// 218  
	0, 	// 219  
	0, 	// 220  
	0, 	// 221  
	0, 	// 222  
	0, 	// 223  
	0, 	// 224  
	0, 	// 225  
	0, 	// 226  
	0, 	// 227  
	0, 	// 228  
	0, 	// 229  
	0, 	// 230  
	0, 	// 231  
	0, 	// 232  
	0, 	// 233  
	0, 	// 234  
	0, 	// 235  
	0, 	// 236  
	0, 	// 237  
	0, 	// 238  
	0, 	// 239  
	0, 	// 240  
	0, 	// 241  
	0, 	// 242  
	0, 	// 243  
	0, 	// 244  
	0, 	// 245  
	0, 	// 246  
	0, 	// 247  
	0, 	// 248  
	0, 	// 249  
	0, 	// 250  
	0, 	// 251  
	0, 	// 252  
	0, 	// 253  
	0, 	// 254  
	0, 	// 255
}